# british women eye
tab1_freq <-
  c(1520, 266, 124, 66,
    234,  1512,432, 78,
    117,  362, 1772,205,
    36,   82,  179, 492)
# occupational status 
tab2_freq <-
  c(50, 45, 8, 18,  8,
    28, 174,84,154, 55,
    11, 78, 110,223,96,
    14, 150,185,714, 447,
    3,  42, 72, 320, 411)
tab3_freq <-
  c(50, 45, 8, 18,  0,
    28, 174,84,154, 55,
    11, 78, 110,223,96,
    14, 150,185,714, 447,
    3,  42, 72, 320, 411)
# education level
tab4_freq <- 
  c(374, 602, 170, 64,
    18,  255, 139, 71,
    4,   23,  42,  55,
    2,   6,   17,  53)
# policy
tab5_freq <- 
  c(98,   150,  135,   53,
    37,   131,  133,   43,
    9,    16,   33,   15,
    4,    1,    4,    21)
# Average Doses of Conjugated Oestrogen 
tab6_freq <- 
  c(6,  2, 3, 1,
    9,  4, 2, 1,
    9,  2, 3, 1, 
    12, 1, 2, 1)
# british women eye
tab7_freq <-
  c(1520, 266, 124, 66, 66,
    234,  1512,432, 78, 78,
    117,  362, 1772,205,205,
    36,   82,  179, 492,492,
    36,   82,  179, 492,492)
# for time speed 8 * 8 -> 収束しないしめちゃくちゃ遅い
time1_freq <-
  c(98,   150,  135,  53, 98,   150,  135,   53,
    37,   131,  133,  43, 37,   131,  133,   43,
    9,    16,   33,   15,  9,    16,   33,   15,
    4,    1,    4,    21,  4,    1,    4,    21, 
    98,   150,  135,  53, 98,   150,  135,   53,
    37,   131,  133,  43, 37,   131,  133,   43,
    9,    16,   33,   15,  9,    16,   33,   15,
    4,    1,    4,    21,  4,    1,    4,    21)